39886296 39916064 587.111384063 
39886296 39833903 589.817544423 
39908094 39916064 593.368239103 
39908094 39833903 596.183821627 
39915666 39916064 590.221639017 
39915666 39833903 592.679377671 
39808348 39916064 593.052536376 
39808348 39833903 595.490121495 
39896032 39916064 592.316570739 
39896032 39833903 594.784778142 
39937197 39916064 603.528765399 
39937197 39833903 606.051148456 
39845549 39916064 557.434298274 
39845549 39833903 558.897413731 
39845578 39916064 558.536829125 
39845578 39833903 560.008656735 
39886944 39916064  586.56811945 
39886944 39833903 588.385580738 
39849040 39916064 580.039672606 
39849040 39833903 581.617530044 
